image: mymap.pgm
resolution: 0.050000
origin: [-15.600000, -11.300000, 0.000000]
negate: 0
occupied_thresh: 0.55
free_thresh: 0.189

